1005
1015
1025
1035
1045
1050
1055
1065
1075
1085
1095
1100
1110
1120
1130
1140
1150
1160
1170
1180
1190
1199
1210
1220
1230
1240
1250
1260
1280
1290
1300
1310
1320
1330
1340
1350
1360
1370
1380
1390
1400
1410
1420
1430
1440
1450
1460
1470
1480
1485
1490
1495
1500
1505
1510
1550
1560
1570
1580
1590
1600
1610
1620
1630
1640
1650
1670
1680
1710
1740
1760
1780
1790
1800
1805
1810
1815
1820
1825
1830
1835
1840
1845
1855
1860
1865
1870
1875
1880
1885
1890
1895
1900
1905
1910
1930
1935
1940
1945
1950
1955
1960
1965
1970
1975
1980
1985
1990
1995
2000
2005
2010
2015
2020
2025
2030
2035
2040
2042
2045
2047
2050
2055
2060
2065
2070
2075
2080
2085
2090
2105
2107
2110
2115
2120
2125
2130
2135
2140
2145
2150
2155
2160
2165
2170
2175
2180
2190
2200
